8 0.41944416718750005 0.753125 0.4291666671875 0.75 0.40416666718750005 0.7020831249999999 0.3541666671875 0.696875 0.3277775 0.765625 0.3527775 0.783333125 0.3888891671875 0.776041875 0.3958333328125 0.7354168750000001 0.40416666718750005 0.732291875 0.41944416718750005 0.753125
8 0.6777775 0.7020831249999999 0.6472225 0.7375 0.675 0.7802081249999999 0.7041666671875 0.7979168750000001 0.7430558328125 0.779166875 0.7333333328125 0.708333125 0.6777775 0.7020831249999999
2 0.48333333281249996 0.41381249999999997 0.4125 0.43568749999999995 0.3958333328125 0.733604375 0.425 0.746875 0.6611108328124999 0.745833125 0.6652775 0.43464562500000004 0.5819441671875001 0.41902062500000004 0.48333333281249996 0.41381249999999997
0 0.2555558328125 0.777083125 0.2527775 0.7895831249999999 0.2888891671875 0.779166875 0.3277775 0.740625 0.30138916718750003 0.723958125 0.2555558328125 0.777083125
0 0.0819441671875 0.83125 0.10277750000000001 0.858333125 0.125 0.848958125 0.18888916718749998 0.8239581250000001 0.18472249999999998 0.802083125 0.1375 0.8010418749999999 0.0819441671875 0.83125
8 0.2986108328125 0.6020831249999999 0.2916666671875 0.5854168750000001 0.25833333281250004 0.591666875 0.24722249999999998 0.614583125 0.2569441671875 0.636458125 0.275 0.640625 0.2986108328125 0.6322918750000001 0.2986108328125 0.6020831249999999
8 0.075 0.6322918750000001 0.09861083281250001 0.6375 0.1291666671875 0.595833125 0.09861083281250001 0.5875 0.075 0.6322918750000001
8 0.36666666718749996 0.519791875 0.38611083281249997 0.519791875 0.39444416718749997 0.48645812499999996 0.3694441671875 0.48645812499999996 0.36666666718749996 0.519791875
1 0.5797616671875 0.29017875000000004 0.5202383328125 0.292856875 0.5011908328125 0.30714312499999996 0.4988091671875 0.339285625 0.5 0.376785625 0.5761908328125 0.3875 0.6119049999999999 0.36964312499999996 0.6130950000000001 0.320535625 0.5797616671875 0.29017875000000004
7 0.40476166718749995 0.849106875 0.4404758328125 0.8455356249999999 0.44166666718750003 0.8080356249999999 0.3976191671875 0.8348212500000001 0.40476166718749995 0.849106875
7 0.4107141671875 0.8026787499999999 0.4476191671875 0.7982143749999999 0.43571416718749995 0.76517875 0.3940475 0.77767875 0.4107141671875 0.8026787499999999