8 0.621968165625 0.7950862437499999 0.648416396875 0.779624396875 0.6281196062500001 0.7088360437500001 0.577855953125 0.7096665625 0.5487748546875 0.75522220625 0.558187996875 0.7591826859374999 0.5752230875000001 0.7397603593750001 0.5832523484375 0.743599765625 0.5866293875 0.7846754 0.621968165625 0.7950862437499999
8 0.2493971421875 0.6872040140625 0.23353807187500003 0.7569208484375001 0.2706450828125 0.7789889140625 0.30124418125 0.76388959375 0.3326382375 0.7237649546875 0.30528629218750003 0.6858198078125 0.2493971421875 0.6872040140625
2 0.5927722390625 0.44355835624999995 0.52411498125 0.415593065625 0.42542547343750003 0.412186871875 0.34104744062500003 0.420489434375 0.3180764734375 0.730855921875 0.553198028125 0.752472246875 0.58341031875 0.7417941625 0.5927722390625 0.44355835624999995
0 0.6859764953124999 0.7965040828125 0.7210429109375001 0.810028034375 0.7193645984375 0.797333453125 0.678335821875 0.740415971875 0.650595290625 0.7547195296875 0.6859764953124999 0.7965040828125
0 0.83488305 0.8314902765625 0.7877494953124999 0.8284118515625 0.7816921515625 0.8498404624999999 0.8431593078124999 0.8803136374999999 0.864480159375 0.8915897812500001 0.8875946640624999 0.8664254609375 0.83488305 0.8314902765625
8 0.700095990625 0.603249284375 0.691725690625 0.619246890625 0.6890928234375 0.6493406875 0.71188753125 0.6596999218749999 0.7302378234375 0.657122571875 0.741829028125 0.6361781125 0.7327577578125 0.6123806921875 0.700095990625 0.603249284375
8 0.8922356328125 0.6221504078125 0.8610697921874999 0.6277887062499999 0.8878778453124999 0.6719601421875 0.9118527500000001 0.6688296546875 0.8922356328125 0.6221504078125
8 0.63123928125 0.49788834687500005 0.6063344125000001 0.49570945312500003 0.611730809375 0.52964265625 0.631100984375 0.5313373265625 0.63123928125 0.49788834687500005
1 0.5151934828125 0.3400009796875 0.5156222828125 0.30777321562500004 0.49789239375000005 0.2918812296875 0.43882897656250003 0.2840254953125 0.40297671093750004 0.3113616625 0.3998821828125 0.360386009375 0.43390411718750005 0.381287628125 0.510738840625 0.37725449218749996 0.5151934828125 0.3400009796875
7 0.5728096484375 0.8424702312499999 0.5312642828125 0.8119475406250001 0.5291822453125 0.84940863125 0.564449253125 0.8560789859375 0.5728096484375 0.8424702312499999
7 0.5813480203125 0.7858564671875 0.5409293546875 0.76977254375 0.5261904125 0.8016448703125001 0.5625658812500001 0.8093087390625 0.5813480203125 0.7858564671875