8 0.36825521562499997 0.7065682421874999 0.3467260890625 0.7769915843749999 0.372900446875 0.7929126625 0.4084155359375 0.78312015 0.412508928125 0.7421097109375 0.420603975 0.73841101875 0.4372975046875 0.7581276906250001 0.4467783328125 0.7543320953125 0.41849671875 0.70827585625 0.36825521562499997 0.7065682421874999
8 0.6914410484375 0.6891897296875 0.6634310359375 0.7266517390625 0.6941200390625 0.7673181687499999 0.7244509578125 0.7829492171875 0.7619374578125 0.7615321203125001 0.747297528125 0.691549125 0.6914410484375 0.6891897296875
2 0.6603160015625 0.42327565 0.5760957203125 0.41350175 0.4773617953125 0.41518505625 0.4082269328125 0.441947853125 0.41238249531250004 0.7403016265625 0.442403825 0.7515053609375 0.6778668265625 0.7339957640625 0.6603160015625 0.42327565
0 0.30887711875 0.7932131859375 0.34498217656249996 0.7520524843749999 0.3174955015625 0.737266965625 0.275479628125 0.793459728125 0.27358001875000004 0.806123084375 0.30887711875 0.7932131859375
0 0.10606936250000001 0.8596051921875001 0.12874116875 0.885169084375 0.15025556874999998 0.8742667578125 0.21224519375 0.8448709734375001 0.206562753125 0.8233399125 0.1593826515625 0.8255952734375 0.10606936250000001 0.8596051921875001
8 0.2853575921875 0.6559776515625 0.308329621875 0.6460178171875001 0.306222365625 0.615882653125 0.2981325359375 0.599741403125 0.265316378125 0.6083013937499999 0.25583116875 0.6319368734374999 0.2670550765625 0.6530804375 0.2853575921875 0.6559776515625
8 0.08526349375 0.6616161203125001 0.1091801125 0.66516455 0.1367549796875 0.62146770625 0.1056922875 0.615286346875 0.08526349375 0.6616161203125001
8 0.368372071875 0.5290445265625 0.387768871875 0.5276881703125 0.3937566625 0.493854315625 0.3688175609375 0.49559822656249997 0.368372071875 0.5290445265625
1 0.491405 0.37708576875 0.5681576328125 0.382459240625 0.60253916875 0.3621545703125 0.6003007046875 0.3130836828125 0.5649309812500001 0.285125971875 0.505739459375 0.2919497109375 0.4877349171875 0.30752984687499996 0.4876012 0.3397601859375 0.491405 0.37708576875
7 0.429346128125 0.8548999578125 0.464724178125 0.8488461140625001 0.46329624375 0.81135439375 0.4212245109375 0.84114736875 0.429346128125 0.8548999578125
7 0.432045465625 0.8081697046875 0.46854914687500004 0.8011418421875 0.45436869843750005 0.769017140625 0.41367548593750003 0.7843932109375 0.432045465625 0.8081697046875